f1 = [2500 2500 2500 2500 2500 2500 2500 2500 2500 2500];
f2 = f1 + 2500;

Tsym = [10 5 10 5 2.5 5 2.5 5 3 4];
Tg = [10 10 5 5 5 2.5 2.5 1 1 1];
R = [[3.2 0 3.67]
    [4.27 4.27 4.7]
    [4.27 4.33 4.67]
    [7.47 7.67 7.47]
    [4.53 10.8 9.67]
    [9.6 9.87 9.73]
    [0 0 0]
    [12.8 12.8 13.87]
    [0 0 0]
    [8.07 7.73 7.2]];
E = [[1 0 55/56]
    [1 1 72/76]
    [1 65/68 70/72]
    [1 115/116 1]
    [68/72 162/164 145/148]
    [1 1 146/156]
    [0 0 0]
    [1 1 1]
    [0 0 0]
    [121/240 116/136 176/256]];