f1 =    [5000   1000    3000    7500    500     5000    2500    200     2500];
f2 =    [10000  6000    8000    10000   7500    7500    5000    2700    3000];
Tsym =  [5      5       5       5       5       5       5       5       5];
Tg =    [4      4       4       4       4       4       4       4       4];

R = [[8.53 8.93 8.33] 
    [8.53 8.53 7.87]
    [8.53 1.47 8.53]
    [7.47 3.4 7.73]
    [7.47 8.27 7.47]
    [7.47 7.47 8.2]
    [7.47 9.33 8.8]
    [8.53 8.07 9.27]
    [0.87 3.2 1.07]]';

E = [[1 1 1]
    [1 1 118/120]
    [1 22/24 1]
    [1 51/52 116/156]
    [1 124/128 1]
    [1 1 123/124]
    [1 140/144 1]
    [1 121/124 139/140]
    [13/304 48/128 16/132]]';