f1 = [2500 500 2500 2500 2500 2500 2500];
f2 = [7500 7500 5000 7500 7500 7500 7500];

Tsym = [5 5 5 4 5 5 5];
Tg = [1 1 1 1 1 1 1];

E = [[1 273/300 424/428]
    [187/196 129/140 227/276]
    [0 0 0]
    [1 439/456 1]
    [1  429/432 414/416]
    [1/384 1/396 2/388]
    [1 252/256 262/300]];

R = [[25.6 18.2 28.27]
    [12.47 8.6 15.13]
    [0 0 0]
    [29.87 29.27 25.6]
    [25.6 28.6 27.6]
    [0.07 0.07 0.13]
    [25.6 168 17.47]];

rolloff = [0 0 0 0 0.1 0.5 0.1];